81.07
188.23
239.15
191.25
57.24
98.31
40.71
90.41
192.42
429.65
220.93
166.12
57.65
110.55
239.45
169.52
210.44
51.88
104.22
81.19
349.52
271.19
259.89
69.76
48.47
86.52
272.37
398.25
135.22
103.26
17.52
82.14
242.07
276.66
155.10
69.38
23.86
107.29
303.54
301.33
287.34
60.62
32.61
89.96
277.53
448.26
212.54
126.43
30.77
93.99
157.20
368.77
212.58
115.77
44.06
125.49
336.80
273.16
211.53
145.70
28.91
180.50
291.02
212.99
276.13
74.96
47.50
177.83
230.29
377.57
251.48
115.92
44.64
72.07
216.33
218.32
159.72
84.67
38.92
32.62
242.87
182.53
287.34
108.81
17.76
60.73
207.87
356.44
260.44
72.62
62.86
48.86
213.98
179.39
132.32
91.15
15.90
31.34
117.92
199.89
107.87
92.74
45.23
57.61
266.64
281.57
200.29
89.36
103.39
51.85
304.33
158.24
181.46
121.60
25.20
58.61
131.06
23.53
165.76
210.18
45.34
29.20
87.38
254.70
176.94
133.18
